5.030969
5.483717
5.655944
5.768050
5.724129
5.951541
5.605657
5.959993
5.431450
5.824252
5.638473
5.550913
5.223680
5.808725
5.743382
5.331949
5.792493
5.782254
5.004382
5.349828
5.148708
5.730446
5.316303
5.102523
5.973031
5.558585
5.747932
5.690518
5.264845
5.519616
5.897566
5.347666
5.737872
5.882277
5.634785
5.342863
5.315365
5.070047
5.742041
5.317902
5.852673
5.535438
5.193723
5.027112
5.975973
5.733807
5.386506
5.390057
5.338187
5.030605
5.284748
5.159106
5.146476
5.739070
5.124931
5.670140
5.150161
5.567075
5.206894
5.667540
5.862040
5.301549
5.339978
5.624701
5.647527
5.966551
5.635739
5.964187
5.834523
5.232991
5.540874
5.078133
5.649658
5.884855
5.627115
5.777902
5.798079
5.428194
5.971640
5.593629
5.135705
5.208791
5.819670
5.240953
5.482621
5.765747
5.182120
5.694740
5.681181
5.022600
5.621691
5.305642
5.619801
5.362754
5.044546
5.093881
5.043123
5.508995
5.683011
5.457859
5.830029
5.517812
5.713997
5.994505
5.629665
5.036495
5.101750
5.978449
5.853221
5.621695
5.071617
5.589916
5.428843
5.542133
5.711975
5.588817
5.434537
5.224994
5.828984
5.342243
5.387136
5.625015
5.393571
5.808780
5.557259
5.190368
5.486934
5.870402
5.025447
5.948424
5.221481
5.825803
5.235349
5.790677
5.077648
5.932558
5.667056
5.324089
5.175568
5.709840
5.764245
5.083639
5.462563
5.361328
5.586004
5.435305
5.594235
5.977652
5.328117
5.260466
5.936464
5.644820
5.557255
5.015997
5.807697
5.298269
5.671126
5.528189
5.168996
5.215337
5.972789
5.824977
5.052425
5.495742
5.448612
5.656606
5.223244
5.703600
5.882348
5.822158
5.917458
5.694659
5.370789
5.601652
5.800524
5.228546
5.412695
5.625818
5.938835
5.012418
5.824882
5.589733
5.296093
5.718031
5.553696
5.171794
5.501210
5.149538
5.060768
5.288296
5.301224
5.614601
5.112412
5.418249
5.419099
5.837529
5.493328
5.384367
5.802224
5.820190
5.047428
5.498909
5.841444
5.098282
5.115473
5.827684
5.895685
5.391833
5.218318
5.399278
5.602318
5.629096
5.883883
5.116913
5.082513
5.087665
5.637923
5.898311
5.166108
5.664964
5.686040
5.098063
5.533303
5.582060
5.051272
5.775737
5.868638
5.512800
5.755034
5.011776
5.827562
5.581112
5.439056
5.545741
5.026155
5.464550
5.483805
5.046118
5.914512
5.795774
5.574283
5.804632
5.063112
5.981498
5.512940
5.861614
5.619265
5.224898
5.241582
5.761484
5.637923
5.898311
5.166108
5.664964
5.686040
5.098063
5.533303
5.582060
5.051272
5.775737
5.868638
5.512800
5.755034
5.011776
5.827562
5.581112
5.439056
5.545741
5.026155
5.464550
5.483805
5.046118
5.914512
5.795774
5.574283
5.804632
5.063112
5.981498
5.512940
5.861614
5.619265
5.224898
5.241582
5.761484
5.637923
5.898311
5.166108
5.664964
5.686040
5.098063
5.533303
5.582060
5.051272
5.775737
5.868638
5.512800
5.755034
5.011776
5.827562
5.581112
5.439056
5.545741
5.026155
5.464550
5.483805
5.046118
5.914512
5.795774
5.574283
5.804632
5.063112
5.981498
5.512940
5.861614
5.619265
5.224898
5.241582
5.761484
5.637923
5.898311
5.166108
5.664964
5.686040
5.098063
5.533303
5.582060
5.051272
5.775737
5.868638
5.512800
5.755034
5.011776
5.827562
5.581112
5.439056
5.545741
5.026155
5.464550
5.483805
5.046118
5.914512
5.795774
5.574283
5.804632
5.063112
5.981498
5.512940
5.861614
5.619265
5.224898
5.241582
5.761484