-73.81133769
-73.30594554
-73.95638711
-73.74755798
-73.30112212
-73.20208607
-73.68198651
-73.19296513
-73.44941397
-73.09255923
-73.65983757
-73.39089052
-73.55181479
-73.53588105
-73.30682803
-73.60388964
-73.19742606
-73.58731812
-73.52764168
-73.14442999
-73.28072339
-73.52274318
-73.64330982
-73.38041515
-73.61003451
-73.86751936
-73.44179133
-73.24189346
-73.73833841
-73.93157261
-73.13074282
-73.13095546
-73.47437639
-73.56119681
-73.65543980
-73.26532481
-73.41037239
-73.44528466
-73.57297505
-73.64823697
-73.18317666
-73.76425266
-73.58994253
-73.36599518
-73.33437837
-73.44109088
-73.20485426
-73.94631259
-73.75030852
-73.33554932
-73.29392850
-73.04621798
-73.55061651
-73.64444394
-73.32295879
-73.17890452
-73.13306796
-73.86942673
-73.60875539
-73.08942445
-73.22410534
-73.61751521
-73.67124365
-73.28258845
-73.74052771
-73.91499393
-73.52360378
-73.38751240
-73.22093338
-73.75582513
-73.47375182
-73.14294926
-73.13344018
-73.21057036
-73.14675744
-73.04804868
-73.64281786
-73.13343010
-73.32760942
-73.03254749
-73.03280692
-73.09835838
-73.50228606
-73.58077802
-73.18259627
-73.65265675
-73.73654643
-73.53162948
-73.89052420
-73.56314032
-73.60030855
-73.11813840
-73.10915619
-73.82808553
-73.95609311
-73.43454470
-73.07459562
-73.33749974
-73.17928696
-73.88707441
-73.14239225
-73.61092128
-73.37004791
-73.19620346
-73.30009489
-73.77910064
-73.33281708
-73.81665357
-73.15083843
-73.71712108
-73.36161715
-73.32046622
-73.74729381
-73.93738098
-73.12115508
-73.74141880
-73.14550723
-73.88047813
-73.72539163
-73.46220235
-73.67655335
-73.11779874
-73.67409791
-73.99994654
-73.99649530
-73.86063342
-73.08622782
-73.80241533
-73.79408395
-73.97122470
-73.94373696
-73.30051673
-73.47463404
-73.55701558
-73.79538098
-73.40594335
-73.23382154
-73.30774841
-73.71256270
-73.64289826
-73.49914096
-73.30828208
-73.40433579
-73.25499875
-73.57052336
-73.40993125
-73.53432497
-73.98899322
-73.18757932
-73.25570650
-73.49459794
-73.19323415
-73.56033808
-73.93621216
-73.37366048
-73.59857555
-73.66871548
-73.45684497
-73.12470259
-73.42379585
-73.75002186
-73.18255425
-73.04887090
-73.28093365
-73.73778637
-73.99402174
-73.86249419
-73.29181661
-73.83784198
-73.64047905
-73.60072470
-73.62458459
-73.53461479
-73.65572344
-73.41547439
-73.61579679
-73.04716234
-73.39562670
-73.16160013
-73.45831838
-73.79445071
-73.20301194
-73.09787725
-73.11100527
-73.04093838
-73.04516281
-73.16705439
-73.99820155
-73.53475272
-73.61759861
-73.21786723
-73.07011771
-73.92588758
-73.01648115
-73.60450522
-73.96856810
-73.13029893
-73.51828532
-73.29931976
-73.99292914
-73.96852337
-73.92635701
-73.14523026
-73.15660062
-73.47527831
-73.15617137
-73.97848197
-73.89579375
-73.03259844
-73.63103579
-73.05754134
-73.51380999
-73.98694999
-73.65559048
-73.84094652
-73.69139754
-73.51700710
-73.48628727
-73.56772677
-73.29023708
-73.32250073
-73.54947981
-73.77922298
-73.33191858
-73.41354475
-73.65078218
-73.63109058
-73.77523599
-73.46927562
-73.18510191
-73.47151052
-73.82456864
-73.86465117
-73.98176638
-73.46048526
-73.36951070
-73.04410873
-73.08056080
-73.43380505
-73.24969980
-73.61176733
-73.67018274
-73.80426973
-73.37730324
-73.60940582
-73.91575665
-73.39475971
-73.25768255
-73.63963196
-73.79904673
3.57052336
-73.40993125
-73.53432497
-73.98899322
-73.18757932
-73.25570650
-73.49459794
-73.19323415
-73.56033808
-73.93621216
-73.37366048
-73.59857555
-73.66871548
-73.45684497
-73.12470259
-73.42379585
-73.75002186
-73.18255425
-73.04887090
-73.28093365
-73.73778637
-73.99402174
-73.86249419
-73.29181661
-73.83784198
-73.64047905
-73.60072470
-73.62458459
-73.53461479
-73.65572344
-73.41547439
-73.61579679
-73.04716234
-73.39562670
-73.16160013
-73.45831838
-73.79445071
-73.20301194
-73.09787725
-73.11100527
-73.04093838
-73.04516281
-73.16705439
-73.99820155
-73.53475272
-73.61759861
-73.21786723
-73.07011771
-73.92588758
-73.01648115
-73.60450522
-73.96856810
-73.13029893
-73.51828532
-73.29931976
-73.99292914
-73.96852337
-73.92635701
-73.14523026
-73.15660062
-73.47527831
-73.15617137
-73.97848197
-73.89579375
-73.03259844
-73.63103579
-73.05754134
-73.51380999
-73.98694999
-73.65559048
-73.84094652
-73.69139754
-73.51700710
-73.48628727
-73.56772677
-73.29023708
-73.32250073
-73.54947981
-73.77922298
-73.33191858
-73.41354475
-73.65078218
-73.63109058
-73.77523599
-73.46927562
-73.18510191
-73.47151052
-73.82456864
-73.86465117
-73.98176638
-73.46048526
-73.36951070
-73.04410873
-73.08056080
-73.43380505
-73.24969980
-73.61176733
-73.67018274
-73.80426973
-73.37730324
-73.60940582
-73.91575665
-73.39475971
-73.25768255
-73.63963196
-73.79904673